4.01195e+08 -3.61832 -1.75931 0 0 0 0
4.1146e+08 -3.96187 -0.700724 0 0 0 0
4.21305e+08 -4.01728 -0.221084 0 0 0 0
4.36421e+08 -5.36338 -0.108601 0 0 0 0
4.41743e+08 -7.15148 -0.128575 0 0 0 0
4.6285e+08 -8.04573 -0.126392 0 0 0 0
4.71461e+08 -8.49167 -0.188255 0 0 0 0
4.8138e+08 -8.93912 -0.173201 0 0 0 0
4.93792e+08 -9.83219 -0.229991 0 0 0 0
5.01926e+08 -11.1743 -0.196998 0 0 0 0
5.10332e+08 -12.5128 -0.32766 0 0 0 0
5.22202e+08 -12.9522 -0.556446 0 0 0 0
5.34578e+08 -13.3806 -0.905161 0 0 0 0
5.41996e+08 -13.8153 -1.08972 0 0 0 0
5.50254e+08 -14.274 -0.945575 0 0 0 0
5.71847e+08 -14.2878 -0.706291 0 0 0 0
5.71625e+08 -14.297 -0.486771 0 0 0 0
5.81834e+08 -14.7502 -0.247166 0 0 0 0
6.0167e+08 -15.6439 -0.281258 0 0 0 0
6.02354e+08 -15.6428 -0.335864 0 0 0 0
6.11731e+08 -15.6426 -0.344055 0 0 0 0
6.21772e+08 -15.6445 -0.245763 0 0 0 0
6.42077e+08 -15.1978 -0.220174 0 0 0 0
6.43422e+08 -15.1974 -0.244046 0 0 0 0
6.6057e+08 -14.302 -0.307076 0 0 0 0
6.70351e+08 -12.9601 -0.323529 0 0 0 0
nsec		xvel	yvel
